500.0
492.5188438663604
485.1496231269126
477.890662969335
470.74031364037074
463.69695007088654
456.758971506541
449.92480114397887
443.1928857724692
436.56169542090487
430.0297230100845
423.59548401019606
417.25751610342627
411.0143788516175
404.86465336889785
398.8069419992087
392.83986799865784
386.96207522262523
381.17222781754987
375.46900991732923
369.85112534426
364.3172973144546
358.8662681476645
353.4967989814461
348.2076694896021
342.9976776048371
337.86563924556197
332.810388046786
327.8307750950357
322.92566866723956
318.09395397352034
313.334532903835
308.64632377840576
304.02826110188556
299.4792953212013
294.9983925870207
290.5845345187883
286.23671797327626
281.953954816599
277.73527169963876
273.57970983683106
269.4863247882608
265.4541862450174
261.482377817763
257.56999682846293
253.71615410523336
249.9199737802578
246.1805930907273
242.4971621827599
238.86884391825237
235.29481368462353
231.77425920740293
228.30638036562445
224.8903890099818
221.52550878370454
218.21097494611487
214.9460341988237
211.7299445145276
208.56197496836756
205.44140557181035
202.3675271090162
199.33964097565405
196.35705902012896
193.41910338718523
190.525106363849
187.67441022767653
184.86636709727262
182.10033878504572
179.3756966521666
176.69182146569608
174.04810325785203
171.4439411873804
168.87874340300175
166.35192690890037
163.86291743222577
161.41114929257745
158.99606527344147
156.61711649555153
154.27376229214428
151.96547008608118
149.69171526880936
147.45198108113283
145.24575849576797
143.0725461016565
140.9318499900088
138.82318364205292
136.7460678184627
134.70003045044032
132.6846065324288
130.69933801642958
128.74377370790106
126.81746916321553
124.91998658864948
123.05089474088574
121.20976882900453
119.39619041794022
117.60974733338351
115.85003356810562
114.11664918968481
112.40920024961324
110.72729869376342
109.07056227419504
107.43861446228081
105.8310843631323
104.24760663130635
102.68782138777232
101.15137413812188
99.63791569200289
98.1471020837583
96.67859449425258
95.23205917386794
93.80716736665252
92.40359523560376
91.02102378906935
89.65913880824985
88.31763077578552
86.99619480541196
85.69453057266833
84.41234224664214
83.14933842273544
81.90523205643682
80.67974039808445
79.4725849286053
78.28349129621563
77.11218925406881
75.9584125988359
74.82189911020531
73.70239049128755
72.59963230991197
71.5133739408014
70.44336850861242
69.38937283182757
68.35114736748712
67.32845615674795
66.32106677125685
65.32875026032625
64.35128109890017
63.38843713629893
62.43999954573084
61.50575277455884
60.58548449531184
59.678985557428604
58.7860499397239
57.90647470356587
57.040059946753814
56.186608758086166
55.345927172608256
54.51782412752957
53.70211141880088
52.89860365834055
52.107118231901445
51.327475257567706
50.559497544872926
49.8030105545298
49.057842358762315
48.32382360223157
47.600787463546084
46.88856961734809
46.18700819696728
45.495943757632865
44.81521924023659
44.144679935637605
43.484173449501505
42.83354966766552
42.19266072202191
41.561360956911656
40.93950689602125
40.32695720977453
39.72357268321269
39.12921618435449
38.543752633030294
37.96704897018215
37.39897412762321
36.83939899824981
36.2881964066991
35.745241080445716
35.210409621330896
34.68358047751774
34.16463391586582
33.653451994719354
33.149918537102465
32.653919104315484
32.16534096992625
31.6840730941507
31.21000609861673
30.743032241505535
30.283045393065077
29.829941011489858
29.383616119161434
28.94396927924468
28.510900572634082
28.084311575244993
27.664105335644617
27.250186353017796
26.84246055546239
26.440835278609445
26.045219244563185
25.655522541156287
25.271656601515296
24.893534183931973
