299.9999999999999
299.9439387904508
299.778731220323
299.5087393902045
299.1381924195061
298.6711901163291
298.11170655073533
297.46359353389687
296.7305840055445
295.91629533206935
295.02423251757506
294.05779133011566
293.0202613453053
291.9148289094205
290.74458002407175
289.51250315445947
288.2214919631879
286.87434797154975
285.4737831501564
284.0224224407334
282.5228062108568
280.97739264336326
279.38856006211984
277.7586091957983
276.08976538125506
274.38418070808007
272.64393610583545
270.8710433754689
269.0674471663442
267.23502690030193
265.37559864411924
263.4909169317107
261.58267653736937
259.65251420132483
257.7020103088505
255.73269052413164
253.7460273800678
251.74344182515665
249.72630472857537
247.69593834454918
245.65361773706607
243.60057216597306
241.5379864354592
239.46700220590833
237.388719270077
235.3041967945303
233.21445452724282
231.1204739722496
229.02319953221132
226.92353961973006
224.82236773823837
222.7205235332567
220.61881381479748
218.51801355167322
216.41886683844584
214.32208783573765
212.22836168460321
210.13834539564516
208.05266871353945
205.97193495761746
203.89672183913717
201.8275822558568
199.76504506451244
197.70961583178268
195.66177756430815
193.6219914183215
191.59069738942773
189.5683149830603
187.55524386612595
185.5518645003371
183.55853875771984
181.57561051876797
179.60340625370947
177.64223558733096
175.6923918478002
173.75415259991382
171.82778016318431
169.91352211517358
168.01161178046522
166.12226870566127
164.24569912077837
162.3820963874056
160.5316414339816
158.6945031785362
156.8708389392325
155.06079483303978
153.26450616285445
151.4820977933829
149.71368451608765
147.9593714034935
146.21925415314027
144.49341942146418
142.78194514787836
141.0849008693202
139.40234802552425
137.73434025527152
136.0809236838623
134.44213720205033
132.81801273667244
131.20857551319935
129.61384431042873
128.03383170753642
126.46854432369392
124.91798305045708
123.38214327712436
121.8610151092573
120.35458358055267
118.86282885824888
117.38572644224521
115.92324735810782
114.47535834413182
113.04202203262379
111.62319712556597
110.21883856481725
108.82889769700407
107.45332243324835
106.09205740387705
104.74504410825398
103.41222105986967
102.09352392682291
100.78888566782298
99.49823666383897
98.22150484551845
96.9586158164952
95.70949297270204
94.47405761780193
93.25222907484729
92.04392479427499
90.84906045834123
89.66755008209745
88.49930611100673
87.34423951529625
86.2022598811395
85.07327549875976
83.9571934475428
82.85391967824559
81.76335909238432
80.68541561888418
79.6199922880699
78.56699130307399
77.52631410873887
76.49786145808514
75.48153347641768
74.47722972313908
73.48484925133694
72.50429066521167
71.5354521754078
70.57823165231113
69.63252667737257
68.69823459251599
67.77525254768918
66.86347754661146
65.96280649077379
65.07313622174243
64.19436356181825
63.32638535310098
62.469098495006804
61.62239998028639
60.78618692958918
59.9603566246178
59.14480653991676
58.3394343733367
57.54413807521531
56.75881587631487
55.98336631455475
55.21768826057631
54.461680942177296
53.71524396765053
52.97827734806201
52.250681518501175
51.53235735833693
50.82320621051029
50.12312989989463
49.432030750753846
48.749811603327004
48.076375829567944
47.411627348067285
46.75547063818367
46.107810753409694
45.46855333399829
44.837604618873655
44.21487145685058
43.60026131718519
42.993682299479794
42.39504314296328
41.80425323516836
41.22122262002634
40.6458620053992
40.078082770068136
39.51779697019806
38.96491734529568
38.41935732367908
37.88103102747606
37.34985327716813
36.82573959569593
36.30860621214227
35.798370065007774
35.294948805094236
34.79826079800968
34.30822512630949
