1.0
0.9850376877327208
0.9702992462538252
0.9557813259386699
0.9414806272807414
0.9273939001417731
0.913517943013082
0.8998496022879577
0.8863857715449384
0.8731233908418098
0.860059446020169
0.8471909680203921
0.8345150322068525
0.822028757703235
0.8097293067377958
0.7976138839984174
0.7856797359973157
0.7739241504452504
0.7623444556350998
0.7509380198346585
0.73970225068852
0.7286345946289092
0.7177325362953291
0.7069935979628922
0.6964153389792042
0.6859953552096743
0.6757312784911239
0.665620776093572
0.6556615501900713
0.6458513373344791
0.6361879079470407
0.62666906580767
0.6172926475568116
0.6080565222037712
0.5989585906424025
0.5899967851740414
0.5811690690375766
0.5724734359465525
0.5639079096331979
0.5554705433992775
0.5471594196736621
0.5389726495765216
0.5309083724900349
0.522964755635526
0.5151399936569259
0.5074323082104667
0.4998399475605156
0.49236118618145464
0.4849943243655198
0.4777376878365047
0.4705896273692471
0.4635485184148059
0.4566127607312489
0.4497807780199636
0.44305101756740906
0.43642194989222977
0.4298920683976474
0.4234598890290552
0.41712394993673513
0.4108828111436207
0.4047350542180324
0.3986792819513081
0.3927141180402579
0.3868382067743705
0.381050212727698
0.37534882045535306
0.3697327341945452
0.36420067757009145
0.3587513933043332
0.3533836429313922
0.34809620651570405
0.3428878823747608
0.3377574868060035
0.3327038538178007
0.32772583486445156
0.3228222985851549
0.31799213054688297
0.31323423299110303
0.3085475245842886
0.3039309401721624
0.29938343053761873
0.29490396216226566
0.29049151699153597
0.286145092203313
0.2818636999800176
0.27764636728410585
0.2734921356369254
0.26940006090088064
0.2653692130648576
0.26139867603285916
0.2574875474158021
0.2536349383264311
0.24983997317729895
0.24610178948177147
0.24241953765800905
0.23879238083588045
0.23521949466676703
0.23170006713621122
0.22823329837936962
0.22481840049922647
0.22145459738752682
0.21814112454839008
0.21487722892456163
0.21166216872626462
0.20849521326261272
0.20537564277554463
0.20230274827624375
0.19927583138400579
0.19629420416751658
0.19335718898850515
0.19046411834773588
0.18761433473330505
0.18480719047120753
0.1820420475781387
0.1793182776164997
0.17663526155157103
0.17399238961082392
0.17138906114533664
0.16882468449328428
0.16629867684547087
0.16381046411287364
0.1613594807961689
0.1589451698572106
0.15656698259243126
0.1542243785081376
0.1519168251976718
0.14964379822041063
0.1474047809825751
0.14519926461982394
0.1430267478816028
0.14088673701722484
0.13877874566365514
0.13670229473497422
0.13465691231349589
0.1326421335425137
0.1306575005206525
0.12870256219780035
0.12677687427259787
0.12487999909146169
0.12301150554911769
0.12117096899062368
0.1193579711148572
0.1175720998794478
0.11581294940713174
0.11408011989350762
0.11237321751617234
0.11069185434521651
0.10903564825505914
0.10740422283760176
0.1057972073166811
0.10421423646380289
0.10265495051513542
0.10111899508974585
0.0996060211090596
0.09811568471752463
0.09664764720446314
0.09520157492709216
0.09377713923469617
0.09237401639393455
0.09099188751526573
0.08963043848047317
0.0882893598712752
0.08696834689900301
0.08566709933533105
0.08438532144404383
0.0831227219138233
0.0818790137920425
0.08065391441954906
0.07944714536642537
0.07825843236870898
0.07708750526606059
0.07593409794036429
0.07479794825524642
0.07367879799649962
0.0725763928133982
0.07149048216089143
0.07042081924266179
0.06936716095503548
0.06832926783173164
0.06730690398943871
0.06629983707420493
0.06530783820863097
0.0643306819398525
0.0633681461883014
0.06242001219723346
0.06148606448301107
0.06056609078613016
0.05965988202297971
0.05876723223832287
0.05788793855848936
0.05702180114526816
0.05616862315048998
0.055328210671289235
0.05450037270603559
0.05368492111092478
0.05288167055721889
0.05209043848912637
0.05131104508231257
0.05054331320303059
0.049787068367863944
