0.0
0.014775441568782188
0.028963191147251433
0.04258113869534519
0.055646680784279035
0.06817673357932441
0.08018774548936936
0.09169570949169858
0.10271617514021014
0.11326426026508862
0.1233546623717483
0.13300166974666028
0.1422191722774988
0.1510206719948337
0.15941929334244387
0.16742779318311474
0.1750585705466443
0.18232367612658207
0.1892348215320886
0.19580338830111987
0.2020404366810028
0.20795671418230166
0.21356266391173728
0.2188684326897693
0.22388387895831297
0.22861858048392603
0.23308184186166114
0.23728270182465794
0.2412299403644097
0.24493208566652735
0.24839742086669048
0.2516339906313656
0.25464960756775334
0.257451858467312
0.2600481103870994
0.26244551657306425
0.26465102222931636
0.26667137013730324
0.2685131061287199
0.2701825844158866
0.2716859727832248
0.2730292576433888
0.27421824896149616
0.27525858505083534
0.27615573724333103
0.27691501443796773
0.2775415675302939
0.2780403937260442
0.27841634074185156
0.27867411089592886
0.2788182650915476
0.27885322669604995
0.2787832853180763
0.2786126004856138
0.27834520522741046
0.27798500956022926
0.2775358038843635
0.2770012622897621
0.27638494577506306
0.2756903053817711
0.27492068524575836
0.27407932556821457
0.27316936550811705
0.2721938459982387
0.2711557124866626
0.2700578176057186
0.268902923770214
0.2676937057067762
0.2664327529160867
0.2651225720697317
0.26376558934336203
0.2623641526877991
0.2609205340396948
0.25943693147330255
0.2579154712948826
0.2563582100812246
0.2547671366637316
0.25314417405947565
0.25149118135059556
0.2498099555133753
0.2481022331983093
0.24636969246241971
0.24461395445506953
0.24283658505847439
0.24103909648409083
0.2392229488260268
0.23738955157258956
0.2355402650770625
0.233676401988768
0.23179922864545252
0.22990996642799885
0.22800979307844965
0.22609984398229563
0.22418121341596256
0.2222549557604052
0.2203220866816914
0.21838358427944068
0.21644039020395664
0.21449341074287187
0.21254351787810472
0.2105915503139023
0.20863831447673137
0.20668458548775145
0.20473110810859235
0.20277859766113518
0.20082774092197975
0.1988791969922652
0.19693359814349054
0.19499155063996748
0.19305363553852095
0.19112040946603687
0.18919240537544094
0.18727013328067907
0.1853540809712521
0.1834447147068473
0.1815424798925902
0.179647801735433
0.17776108588217665
0.1758827190396146
0.17401306957727214
0.17215248811320305
0.17030130808329436
0.1684598462945176
0.16662840346255275
0.16480726473420254
0.16299670019500132
0.16119696536241374
0.15940830166500825
0.15763093690798022
0.1558650857253887
0.1541109500194643
0.15236871938733237
0.1506385715354908
0.14892067268236997
0.14721517794929567
0.1455222317401662
0.14384196811014746
0.14217451112368276
0.14051997520210469
0.13887846546112897
0.13725007803850595
0.13563490041209328
0.1340330117086112
0.13244448300333186
0.13086937761094883
0.1293077513678666
0.12775965290614283
0.12622512391931134
0.12470419942030682
0.12319690799170556
0.12170327202849435
0.1202233079735695
0.1187570265461668
0.11730443296341522
0.11586552715520287
0.11444030397254015
0.11302875338959721
0.11163086069959179
0.11024660670469606
0.10887596790012695
0.1075189166525827
0.10617542137318046
0.10484544668504803
0.10352895358571858
0.10222589960447204
0.10093623895476439
0.09965992268188184
0.09839689880595275
0.09714711246044802
0.09591050602629494
0.0946870192617292
0.09347658942800334
0.09227915141106903
0.09109463783934656
0.08992297919769184
0.0887641039376684
0.08761793858422917
0.08648440783891011
0.08536343467963403
0.08425494045722229
0.08315884498870726
0.08207506664753764
0.08100352245076484
0.0799441281432979
0.07889679827931083
0.07786144630088349
0.07683798461395769
0.07582632466168429
0.07482637699523759
0.07383805134217086
0.07286125667238413
0.07189590126177361
0.070941892753631
0.06999913821785819
0.06906754420806166
0.06814701681658869
0.06723746172756623
0.06633878426800156
0.06545088945700167
0.0645736820531677
