0.0
0.05025125628140704
0.10050251256281408
0.1507537688442211
0.20100502512562815
0.2512562814070352
0.3015075376884422
0.3517587939698492
0.4020100502512563
0.45226130653266333
0.5025125628140704
0.5527638190954774
0.6030150753768844
0.6532663316582915
0.7035175879396984
0.7537688442211055
0.8040201005025126
0.8542713567839195
0.9045226130653267
0.9547738693467336
1.0050251256281408
1.0552763819095476
1.105527638190955
1.1557788944723617
1.2060301507537687
1.2562814070351758
1.306532663316583
1.35678391959799
1.4070351758793969
1.457286432160804
1.507537688442211
1.5577889447236182
1.6080402010050252
1.658291457286432
1.708542713567839
1.7587939698492463
1.8090452261306533
1.8592964824120604
1.9095477386934672
1.9597989949748742
2.0100502512562817
2.0603015075376883
2.1105527638190953
2.1608040201005023
2.21105527638191
2.261306532663317
2.3115577889447234
2.3618090452261304
2.4120603015075375
2.462311557788945
2.5125628140703515
2.5628140703517586
2.613065326633166
2.6633165829145726
2.71356783919598
2.7638190954773867
2.8140703517587937
2.864321608040201
2.914572864321608
2.9648241206030153
3.015075376884422
3.065326633165829
3.1155778894472363
3.165829145728643
3.2160804020100504
3.2663316582914574
3.316582914572864
3.3668341708542715
3.417085427135678
3.4673366834170856
3.5175879396984926
3.567839195979899
3.6180904522613067
3.6683417085427132
3.7185929648241207
3.7688442211055277
3.8190954773869343
3.869346733668342
3.9195979899497484
3.969849246231156
4.020100502512563
4.0703517587939695
4.1206030150753765
4.1708542713567835
4.221105527638191
4.2713567839195985
4.321608040201005
4.371859296482413
4.42211055276382
4.472361809045226
4.522613065326634
4.57286432160804
4.623115577889447
4.673366834170855
4.723618090452261
4.773869346733669
4.824120603015075
4.874371859296483
4.92462311557789
4.974874371859296
5.025125628140703
5.07537688442211
5.125628140703517
5.175879396984925
5.226130653266332
5.276381909547738
5.326633165829145
5.376884422110553
5.42713567839196
5.477386934673367
5.527638190954773
5.57788944723618
5.628140703517587
5.678391959798995
5.728643216080402
5.7788944723618085
5.829145728643216
5.8793969849246235
5.9296482412060305
5.9798994974874375
6.030150753768844
6.080402010050251
6.130653266331658
6.180904522613066
6.231155778894473
6.28140703517588
6.331658291457286
6.381909547738694
6.432160804020101
6.482412060301508
6.532663316582915
6.582914572864321
6.633165829145728
6.683417085427136
6.733668341708543
6.78391959798995
6.834170854271356
6.884422110552764
6.934673366834171
6.984924623115578
7.035175879396985
7.085427135678391
7.135678391959798
7.185929648241206
7.236180904522613
7.28643216080402
7.3366834170854265
7.386934673366834
7.437185929648241
7.4874371859296485
7.5376884422110555
7.587939698492462
7.638190954773869
7.688442211055277
7.738693467336684
7.788944723618091
7.839195979899497
7.889447236180905
7.939698492462312
7.989949748743719
8.040201005025127
8.090452261306533
8.140703517587939
8.190954773869347
8.241206030150753
8.291457286432161
8.341708542713567
8.391959798994975
8.442211055276381
8.492462311557789
8.542713567839197
8.592964824120603
8.64321608040201
8.693467336683417
8.743718592964825
8.793969849246231
8.84422110552764
8.894472361809045
8.944723618090451
8.99497487437186
9.045226130653267
9.095477386934673
9.14572864321608
9.195979899497488
9.246231155778894
9.296482412060302
9.34673366834171
9.396984924623116
9.447236180904522
9.49748743718593
9.547738693467338
9.597989949748744
9.64824120603015
9.698492462311558
9.748743718592966
9.798994974874372
9.84924623115578
9.899497487437186
9.949748743718592
10.0
