0.0
1.1278195488721803
2.380952380952381
3.634085213032581
4.887218045112782
6.140350877192982
7.393483709273182
8.646616541353383
9.899749373433583
11.152882205513784
12.406015037593985
13.659147869674184
14.912280701754385
16.165413533834585
17.418546365914786
18.671679197994987
19.924812030075188
21.17794486215539
22.431077694235587
23.684210526315788
24.93734335839599
26.190476190476193
27.44360902255639
28.696741854636592
29.949874686716793
31.203007518796994
32.45614035087719
33.709273182957396
34.962406015037594
36.2155388471178
37.468671679197996
38.721804511278194
39.9749373433584
41.228070175438596
42.4812030075188
43.734335839599
44.987468671679196
46.2406015037594
47.4937343358396
48.7468671679198
50.0
