0.0
0.03759398496240601
0.07518796992481203
0.11278195488721804
0.15037593984962405
0.18796992481203006
0.22556390977443608
0.2631578947368421
0.3007518796992481
0.3383458646616541
0.37593984962406013
0.41353383458646614
0.45112781954887216
0.48872180451127817
0.5263157894736842
0.5639097744360901
0.6015037593984962
0.6390977443609023
0.6766917293233082
0.7142857142857142
0.7518796992481203
0.7894736842105263
0.8270676691729323
0.8646616541353382
0.9022556390977443
0.9398496240601504
0.9774436090225563
1.0150375939849623
1.0526315789473684
1.0902255639097744
1.1278195488721803
1.1654135338345863
1.2030075187969924
1.2406015037593985
1.2781954887218046
1.3157894736842104
1.3533834586466165
1.3909774436090225
1.4285714285714284
1.4661654135338344
1.5037593984962405
1.5413533834586466
1.5789473684210527
1.6165413533834585
1.6541353383458646
1.6917293233082706
1.7293233082706765
1.7669172932330826
1.8045112781954886
1.8421052631578947
1.8796992481203008
1.9172932330827066
1.9548872180451127
1.9924812030075187
2.0300751879699246
2.0676691729323307
2.1052631578947367
2.142857142857143
2.180451127819549
2.218045112781955
2.2556390977443606
2.2932330827067666
2.3308270676691727
2.3684210526315788
2.406015037593985
2.443609022556391
2.481203007518797
2.518796992481203
2.556390977443609
2.5939849624060147
2.631578947368421
2.669172932330827
2.706766917293233
2.744360902255639
2.781954887218045
2.819548872180451
2.8571428571428568
2.894736842105263
2.932330827067669
2.969924812030075
3.007518796992481
3.045112781954887
3.082706766917293
3.1203007518796992
3.1578947368421053
3.195488721804511
3.233082706766917
3.270676691729323
3.308270676691729
3.345864661654135
3.3834586466165413
3.4210526315789473
3.458646616541353
3.496240601503759
3.533834586466165
3.571428571428571
3.6090225563909772
3.6466165413533833
3.6842105263157894
3.7218045112781954
3.7593984962406015
3.796992481203007
3.834586466165413
3.8721804511278193
3.9097744360902253
3.9473684210526314
3.9849624060150375
4.022556390977443
4.060150375939849
4.097744360902255
4.135338345864661
4.172932330827067
4.2105263157894735
4.2481203007518795
4.285714285714286
4.323308270676692
4.360902255639098
4.398496240601504
4.43609022556391
4.473684210526316
4.511278195488721
4.548872180451127
4.586466165413533
4.624060150375939
4.661654135338345
4.6992481203007515
4.7368421052631575
4.774436090225564
4.81203007518797
4.849624060150376
4.887218045112782
4.924812030075188
4.962406015037594
5.0
5.037593984962406
5.075187969924812
5.112781954887218
5.150375939849623
5.1879699248120295
5.2255639097744355
5.263157894736842
5.300751879699248
5.338345864661654
5.37593984962406
5.413533834586466
5.451127819548872
5.488721804511278
5.526315789473684
5.56390977443609
5.601503759398496
5.639097744360902
5.676691729323308
5.7142857142857135
5.75187969924812
5.789473684210526
5.827067669172932
5.864661654135338
5.902255639097744
5.93984962406015
5.977443609022556
6.015037593984962
6.052631578947368
6.090225563909774
6.12781954887218
6.165413533834586
6.203007518796992
6.2406015037593985
6.2781954887218046
6.315789473684211
6.353383458646616
6.390977443609022
6.428571428571428
6.466165413533834
6.50375939849624
6.541353383458646
6.578947368421052
6.616541353383458
6.654135338345864
6.69172932330827
6.7293233082706765
6.7669172932330826
6.804511278195489
6.842105263157895
6.879699248120301
6.917293233082706
6.954887218045112
6.992481203007518
7.030075187969924
7.06766917293233
7.105263157894736
7.142857142857142
7.180451127819548
7.2180451127819545
7.2556390977443606
7.293233082706767
7.330827067669173
7.368421052631579
7.406015037593985
7.443609022556391
7.481203007518797
7.518796992481203
7.556390977443609
7.593984962406014
7.631578947368421
7.669172932330826
7.706766917293233
7.744360902255639
7.7819548872180455
7.819548872180451
7.857142857142858
7.894736842105263
7.93233082706767
7.969924812030075
8.007518796992482
8.045112781954886
8.082706766917294
8.120300751879698
8.157894736842106
8.19548872180451
8.233082706766918
8.270676691729323
8.30827067669173
8.345864661654135
8.383458646616543
8.421052631578947
8.458646616541353
8.496240601503759
8.533834586466165
8.571428571428571
8.609022556390977
8.646616541353383
8.68421052631579
8.721804511278195
8.759398496240602
8.796992481203008
8.834586466165414
8.87218045112782
8.909774436090226
8.947368421052632
8.984962406015038
9.022556390977442
9.06015037593985
9.097744360902254
9.135338345864662
9.172932330827066
9.210526315789474
9.248120300751879
9.285714285714286
9.32330827067669
9.360902255639099
9.398496240601503
9.43609022556391
9.473684210526315
9.511278195488723
9.548872180451127
9.586466165413533
9.62406015037594
9.661654135338345
9.699248120300751
9.736842105263158
9.774436090225564
9.81203007518797
9.849624060150376
9.887218045112782
9.924812030075188
9.962406015037594
10.0
10.037593984962406
10.075187969924812
10.112781954887218
10.150375939849624
10.18796992481203
10.225563909774436
10.263157894736842
10.300751879699247
10.338345864661655
10.375939849624059
10.413533834586467
10.451127819548871
10.488721804511279
10.526315789473683
10.563909774436091
10.601503759398495
10.639097744360903
10.676691729323307
10.714285714285715
10.75187969924812
10.789473684210527
10.827067669172932
10.864661654135338
10.902255639097744
10.93984962406015
10.977443609022556
11.015037593984962
11.052631578947368
11.090225563909774
11.12781954887218
11.165413533834586
11.203007518796992
11.240601503759398
11.278195488721805
11.31578947368421
11.353383458646617
11.390977443609023
11.428571428571427
11.466165413533835
11.50375939849624
11.541353383458647
11.578947368421051
11.61654135338346
11.654135338345863
11.691729323308271
11.729323308270676
11.766917293233083
11.804511278195488
11.842105263157896
11.8796992481203
11.917293233082708
11.954887218045112
11.992481203007518
12.030075187969924
12.06766917293233
12.105263157894736
12.142857142857142
12.180451127819548
12.218045112781954
12.25563909774436
12.293233082706767
12.330827067669173
12.368421052631579
12.406015037593985
12.443609022556391
12.481203007518797
12.518796992481203
12.556390977443609
12.593984962406015
12.631578947368421
12.669172932330827
12.706766917293232
12.74436090225564
12.781954887218044
12.819548872180452
12.857142857142856
12.894736842105264
12.932330827067668
12.969924812030076
13.00751879699248
13.045112781954888
13.082706766917292
13.1203007518797
13.157894736842104
13.195488721804512
13.233082706766917
13.270676691729323
13.308270676691729
13.345864661654135
13.38345864661654
13.421052631578947
13.458646616541353
13.496240601503759
13.533834586466165
13.571428571428571
13.609022556390977
13.646616541353383
13.68421052631579
13.721804511278195
13.759398496240602
13.796992481203008
13.834586466165412
13.87218045112782
13.909774436090224
13.947368421052632
13.984962406015036
14.022556390977444
14.060150375939848
14.097744360902256
14.13533834586466
14.172932330827068
14.210526315789473
14.24812030075188
14.285714285714285
14.323308270676693
14.360902255639097
14.398496240601503
14.436090225563909
14.473684210526315
14.511278195488721
14.548872180451127
14.586466165413533
14.62406015037594
14.661654135338345
14.699248120300751
14.736842105263158
14.774436090225564
14.81203007518797
14.849624060150376
14.887218045112782
14.924812030075188
14.962406015037594
15.0
