-0.027642688724672845
0.5631877267824537
1.5689216633619825
1.6109240316756566
0.9619713484509703
0.5731651200796783
0.7931386642920669
1.1916866908073718
1.4038624184768151
1.0414001323993443
0.7485555454600675
0.9518128555345451
1.1382756600443298
1.1248580569154474
0.9773711582516436
0.7867154307442656
0.9478233128058986
1.1129770842285631
1.0772664384260973
1.0640046628769129
0.9330228060330056
0.47132868761109764
-0.5246466661015555
-0.6312206557086805
0.07267856241554602
0.4813642726053136
0.16865693596974657
-0.14217368082396833
-0.3622556940842584
0.03668870617968369
0.3000671194635529
0.059998891416822575
-0.08287979814692568
-0.18295593719888353
-0.08754994667717203
0.09971617824990855
0.14982942766373405
-0.04070020934251106
0.04115311178914878
-0.04047633809255023
0.10117911781956757
