0.9849116258989001
1.1880931130312924
1.4117658262502408
1.621894069210014
1.7915763660939787
1.7272073310395737
1.4906488794666068
1.1572664461630975
0.9659646018386774
0.6939249073766727
0.5104847795638316
0.5118072691443216
0.4755700488318185
0.5030616552301926
0.5832210913149135
0.6919056333480792
0.8158416705804247
1.0122872343903402
1.074045952646737
1.2709207751330363
1.6029603412617792
1.7466728724984055
1.755493510656235
1.5437241863713553
1.2771988486230537
0.9005398904385118
0.8290904798913715
0.5786190908803746
0.5140637586841084
0.49061929412268646
0.48439723510571686
0.5328359079223732
0.6766890725327673
0.8275456185525247
0.8531769842413475
1.1263047493503122
1.2940140931666402
1.5200358572212462
1.7225219046032254
1.8114497050287575
1.677240927521418
