0.38337783868678205
0.5308891406655599
0.5442179731486915
0.6406384414651136
0.9061811072900308
1.2466819120234958
1.5667524557130486
1.7689912910603507
1.7481276077520542
1.6420787147859526
1.366933442836967
1.1722451648767125
0.855810973663682
0.7734184380345637
0.7445038379970583
0.5778488887918698
0.498794189768346
0.5544826266970386
0.5678895053930046
0.5185984782934799
0.5842468244396601
0.890371863935094
1.0209801214800285
1.4719566283028547
1.6736096024500093
1.7344705041663133
1.7255377304041306
1.5416750812107958
1.1509869188297315
1.0836259439804286
0.8948764984461463
0.6449653756035963
0.6919639766627824
0.5710415130820898
0.4354774980289925
0.5771501244943641
0.5082655487795303
0.6844444486524299
0.7845614638125049
1.0877365025157135
1.2843028249850732
