0.0
0.3383458646616541
0.7142857142857142
1.0902255639097744
1.4661654135338344
1.8421052631578947
2.218045112781955
2.5939849624060147
2.969924812030075
3.345864661654135
3.7218045112781954
4.097744360902255
4.473684210526316
4.849624060150376
5.2255639097744355
5.601503759398496
5.977443609022556
6.353383458646616
6.7293233082706765
7.105263157894736
7.481203007518797
7.857142857142858
8.233082706766918
8.609022556390977
8.984962406015038
9.360902255639099
9.736842105263158
10.112781954887218
10.488721804511279
10.864661654135338
11.240601503759398
11.61654135338346
11.992481203007518
12.368421052631579
12.74436090225564
13.1203007518797
13.496240601503759
13.87218045112782
14.24812030075188
14.62406015037594
15.0
