0.5
0.5001777973424666
0.500715931835314
0.5016220171277448
0.5029043622098216
0.5045719512074938
0.5066344508568622
0.5091023352132927
0.5119868883214636
0.5153002042153649
0.5190551869182997
0.5232655504444053
0.527945862304101
0.5331116646762593
0.5387793856350992
0.5449663119528249
0.5516905890996249
0.5589712212436718
0.5668280712511236
0.5752818606861215
0.5843541698107924
0.5940674322125443
0.604443292430934
0.6155057999341914
0.6272805554689086
0.6397924839482255
0.6530658344518309
0.6671241802259607
0.6819904186833993
0.6976867714034798
0.7142347841320831
0.7316553267816375
0.7499685934311218
0.7691939769168622
0.7893399665629072
0.8104199286138851
0.832448206939188
0.8554311758481641
0.87936724009012
0.9042468348543197
0.9300524257699839
0.9567585089062908
0.9843316107723752
1.012730288317332
1.04190512893021
1.071798750440018
1.1023458011157188
1.1334729596662374
1.1650989352404524
1.197134467427203
1.229481615741524
1.2620185197982516
1.2946049565177917
1.3270996428198532
1.3593608213918529
1.3912462606889158
1.4226132549338737
1.453318624117266
1.4832187139973407
1.5121693961000517
1.5400260677190634
1.566643651915743
1.5918765975191702
1.6156088234650146
1.6377560506856832
1.6582119512860543
1.6768845056366715
1.693696375844961
1.7085849057552305
1.7215021209486694
1.7324147287433496
1.7413041181942237
1.7481663600931268
1.7530122069687757
1.7558670930867686
1.7567711344495862
1.7557791287965907
1.7529605556040255
1.748399576085017
1.7421920415872079
1.7343879515291312
1.7250607726148572
1.7143018924046551
1.702201650123722
1.6888493366621826
1.6743331945750903
1.6587404180824257
1.642157153069098
1.6246684970849443
1.6063584993447295
1.587310160728147
1.5676054337798173
1.547325222709291
1.5265492369606173
1.5053452559145326
1.483775397680744
1.4619024078705256
1.4397858841937587
1.41748227645893
1.395044886573134
1.37252386854207
1.3499662284700455
1.3274158245599739
1.304913367113373
1.2824964185303713
1.2601993933097002
1.2380535580486987
1.2160870314433143
1.194324784288096
1.1727886394762042
1.1514972719994028
1.1304662089480668
1.1097078295111695
1.089233532493611
1.0690680013630813
1.0492246327367087
1.0297128419915236
1.0105412051953302
0.9917174591067076
0.9732485011750083
0.9551403895403605
0.9373983430336646
0.9200267411765971
0.9030291241816083
0.8864081929519223
0.8701658090815375
0.8543029948552274
0.8388199332485402
0.823715967927796
0.8089896032500893
0.7946385042632943
0.7806594967060506
0.7670489035375019
0.7538079158905928
0.7409350754493111
0.7284271986219417
0.7162811492179059
0.7044938384477615
0.693062224923202
0.6819833146570584
0.6712541610632974
0.660871864957022
0.650833574554472
0.6411364854730236
0.6317778407311888
0.6227549307486165
0.6140650933460922
0.6057057137455373
0.5976742245700096
0.5899681058437037
0.5825848849919507
0.5755221368412164
0.568777483619106
0.5623485949543585
0.5562331878768504
0.5504315205915273
0.5449458208986084
0.5397738198844442
0.5349136834403293
0.5303641303251704
0.5261244321654857
0.5221944134554056
0.5185744515566721
0.5152654766986392
0.5122689719782725
0.5095869733601497
0.5072220696764601
0.5051774026270052
0.5034566667791978
0.5020641095680631
0.5010045312962378
0.5002832851339706
0.4999062771191216
0.4998799661571637
0.5002113640211806
0.5009080353518688
0.5019780976575353
0.5034302213141003
0.5052736295650953
0.507518098521664
0.5101739571625605
0.5132520873341527
0.5167639237504194
0.5207195884035758
0.5251299283948009
0.5300139764631653
0.5353912818969908
0.5412815633769626
0.5477047089761283
0.5546807761598987
0.5622299917860472
0.5703727521047101
0.579129622758387
0.5885213387819392
0.5985688046025927
0.6092930940399348
0.620715450305916
0.6328572860048503
0.6457401831334131
0.6593858930806451
0.6738163366279472
0.689053603949084
0.7051199546101841
0.7220378175697402
0.7398297911786018
0.7585186431799874
0.7781273107094788
0.7986789002950112
0.8201984609653782
0.8427059767176626
0.8661956692129932
0.8906529062999459
0.916055795154149
0.9423751822782918
0.9695746535021149
0.9976105339824229
1.0264318882030679
1.0559805199749681
1.086190972436089
1.116990528051462
1.1482992086131658
1.180029775240346
1.212087728379191
1.2443713078029643
1.2767714926119669
1.3091720012335708
1.341449291422195
1.3734725602593232
1.4051037441534886
1.4361976305970177
1.4666107339127428
1.4961760526187875
1.5247240338756602
1.5520984366763273
1.5781563318462133
1.6027681020432007
1.6258174417576297
1.6472013573122988
1.6668301668624643
1.6846275003958409
1.7005302997325995
1.7144888185253735
1.7264666222592475
1.7364405882517715
1.7444009056529461
1.750351075445237
1.7543079104435626
1.7563010946898396
1.7563633570833832
1.7545601737950578
1.7509695216010464
1.7456700094477786
1.738740878451935
1.7302620019004418
1.7203138852504773
1.7089776661294651
1.696335114335079
1.6824686318352413
1.6674612527681227
1.6513966434421425
1.6343591023359687
1.6164335600985162
1.5977055795489516
1.5782613556766871
1.5581877156413864
1.5375721187729587
1.5165026565715616
1.4950680527076066
1.4733576630217482
1.451422677870967
1.429271743659655
1.4069571606947993
1.3845291264375814
1.3620350898524298
1.3395197514070207
1.3170250630722733
1.294590228322362
1.2722517021346975
1.2500431909899479
1.2279956528720188
1.206137297268071
1.184493585168505
1.163087229066976
1.1419381929603762
1.1210636923488568
1.1004781942358035
1.0801934171278589
1.0602183310349087
1.0405591574700808
1.0212243833304404
1.0022346107638418
0.9835966486380776
0.9653154784122635
0.9473955550367579
0.9298408069531623
0.9126546360943207
0.8958399178843202
0.8793990012384905
0.8633337085634045
0.8476453357568774
0.8323346522079673
0.8174019007969763
0.8028467978954472
0.7886685333661673
0.7748657705631666
0.7614366463317169
0.748378771008334
0.7356892284207744
0.7233645758880427
0.711400844220378
0.6997935377192714
0.6885376341774482
0.6776278504753857
0.6670657964344593
0.6568504329277751
0.6469779642514392
0.6374448130991356
0.628247620562119
0.6193832461292224
0.6108487676868493
0.6026414815189799
0.594758902307168
0.5871987631305416
0.5799590154658034
0.5730378291872299
0.5664335925666724
0.5601449122735562
0.554170613374881
0.5485097393352207
0.5431615520167238
0.538125531679113
0.5334013769796849
0.5289890049733112
0.524888551112437
0.5211003692470827
0.5176250316248419
0.5144633288908834
0.5116162700879502
0.5090888397219215
0.5068912974638596
0.5050242311115237
0.5034885681345603
0.5022861175094155
0.501419569719334
0.5008924967543592
0.5007093521113338
0.5008754707938992
0.5013970693124956
0.5022812456843622
0.5035359794335369
0.5051701315908566
0.5071934446939579
0.5096165427872745
0.5124509314220411
0.5157089976562893
0.519404010054851
0.5235501186893569
0.5281623551382354
0.5332566324867147
0.5388497453268235
0.544959369757385
0.5516040633840257
0.5588032653191697
0.5665772961820376
0.5749473580986525
0.5839355347018353
0.593564791131203
0.6038589740331757
0.6148428115609721
0.6265412752618437
0.6389592998610237
0.6521259479019672
0.6660817350261713
0.6808623853472698
0.6964988314510219
0.7130172143953234
0.7304388837101956
0.7487803973977964
0.7680535219324083
0.7882652322604524
0.8094177118004728
0.8315083524431535
0.8545297545512989
0.8784697269598541
0.9033112869758921
0.929032660378612
0.9556072814193524
0.9830037928215741
1.0111860457808786
1.040113099964991
1.0697392235137684
1.1000138930391983
1.1308817936254039
1.1622828188286396
1.1941520706772826
1.2263762318439304
1.2587854022242226
1.2912544980920702
1.3236521789379612
1.3558400318750055
