397.25152905400887
403.9541537049086
421.0834418399313
435.4061315385288
435.01060667628377
437.04065751364226
446.9236144947048
454.2465363972886
461.726541285429
452.2000417294333
466.44227382167725
468.29805576721543
462.5297899671306
465.5782733149419
463.57155234951205
445.66678688908155
444.62458003315794
430.4282938433686
430.60295849448295
422.8730765798494
402.3163901011605
390.81194154430244
365.95239754381606
350.77719958668285
327.6620855861054
317.6150553217744
268.3169063275332
249.38291790488216
237.9074084140774
197.77587533757853
179.28683763314197
148.19402009059235
133.01335857839277
105.35653047608032
88.6615672258667
66.17499576274128
62.70814367399218
52.457162867917795
34.81643671822916
26.483549945114184
13.219227467252274
