400.0
401.06538585012714
402.1223427600882
403.170877017793
404.2109942988289
405.24269931356287
406.2659959372936
407.28088730904574
408.2873758315698
409.28546317134214
410.27515025856485
411.256437287166
412.2293237147995
413.193808262845
414.1498889164081
415.09756292432024
416.0368267991387
416.9676763171467
417.89010651835304
418.80411170649273
419.7096854490263
420.6068205771404
421.4955091857474
422.3757426334855
423.24751154271877
424.1108057995372
424.96561455375667
425.8119262189185
426.64972847229046
427.4790082548659
428.2997517713639
429.1119425531261
429.9155612420693
430.7105930059055
431.4970224200877
432.2748332202464
433.04400830218947
433.8045297219019
434.55637869554624
435.29953559946233
436.03397997016725
436.75969050435555
437.47664505889895
438.1848206508467
438.8841934574253
439.57473881603846
440.2564312242675
440.92924433987076
441.5931509807842
442.24812312512097
442.89413191117154
443.5311476374038
444.1591397624629
444.7780769051714
445.3879268445292
445.98865651971335
446.58023203007855
447.1626186351565
447.7357807546565
448.29968196846517
448.85428501664626
449.399551799441
449.935443377268
450.46191997072305
450.97894096057945
451.4864648877878
451.9844494534759
452.4728515189491
452.95162710568985
453.4207313953582
453.8801187297912
454.32974261100355
454.7695557011872
455.1995098227114
455.6195559581226
456.0296442501449
456.42972400167946
456.81974367580494
457.1996508957772
457.5693924450296
457.92891426717273
458.2781614659945
458.6170783054603
458.94560820971265
459.2636937630715
459.57127671003417
459.8682979552753
460.15469756364683
460.4304147601781
460.69538793007575
460.9495546187237
461.1928515316834
461.42521453469334
461.64657865366956
461.8568780747055
462.0560461440716
462.24401586406316
462.4207395761673
462.5861523946377
462.7401752348908
462.88272822969776
463.0137307291845
463.13310130083136
463.24075772947356
463.3366170173009
463.4205953838578
463.49260826604325
463.55257031811107
463.60039541166964
463.635996635682
463.65928629646584
463.6701759176934
463.6685762403919
463.6543972229427
463.62754804108226
463.58793708790154
463.53547197384603
463.4700595267161
463.3916057916666
463.30001603120706
463.1951947252017
463.07704557086936
462.94547148278355
462.8003745928725
462.64165625041886
462.46921702206026
462.28295669178874
462.08277426095106
461.8685679482486
461.6402351897376
461.39767263882845
461.1407761662868
460.86944086023266
460.58356102614056
460.2830301868398
459.96774108251464
459.63758567070334
459.29245512629944
458.93223984155077
458.5568294260599
458.16611270678413
457.7599777280352
457.33831175147986
456.90100125613907
456.44793193838893
455.9789887119597
455.49405570793647
454.9930162747594
454.47575297822254
453.9421476014753
453.3920811450211
452.8254338267186
452.2420850817808
451.64191356277536
451.0247971396248
450.39061289960574
449.73923714734997
449.0705454048441
448.38441241142885
447.6807121237998
446.95931771600743
446.2201015794566
445.46293532290645
444.687689772471
443.89423497162073
443.08244018117733
442.25217387932014
441.4033037615812
440.53578037073856
439.65041344215894
438.74723750720307
437.8260030003137
436.8864686102924
435.92840128029974
434.9515762078552
433.9557768448372
432.940794897483
431.90643032638894
430.8524913465102
429.77879442716085
428.6851642920139
427.57143391910137
426.43744454081417
425.28304564390197
424.1080949694736
422.9124585129967
421.69601052429795
420.45863350756264
419.2002182213355
417.92066367851976
416.61987714637763
415.2977741465303
413.95427845495817
412.58932210200015
411.2028453723541
409.7947968050772
408.36513319358517
406.9138195856528
405.4408292834136
403.9461438433605
402.4297530763449
400.8916550475771
399.33185607662716
397.75037073742266
396.14722185825104
394.5224405217585
392.8760660649505
391.20814607919084
389.5187364102021
387.80790115806644
386.0757126772249
384.32225157647713
382.54760671898157
380.7518752222558
378.93516245817653
377.097582052979
375.23925588725797
373.36031409596615
371.4608950684165
369.5411454482791
367.6012201335851
365.64128227672273
363.66150328444
361.6620628178443
359.6431487924015
357.60495737793514
355.5476929986292
353.4715683330272
351.37680431403015
349.26363012889783
347.13228321925044
344.98300928106613
342.8160622646807
340.63170437479187
338.43020607045406
336.211846065081
333.97691132644576
331.72569707668106
329.4585067922764
327.1756522040814
324.8774532973044
322.5642383115153
320.2363437406376
317.8941143329591
315.5379030911222
313.16807127212934
310.78498838734527
308.38903220249034
305.9805887376437
303.5600522672443
301.1278253200908
298.68446462188916
296.23061846576104
293.7666001356978
291.2927228485234
288.8093091909006
286.31669111933195
283.81520996015854
281.30521640956124
278.7870705335596
276.2611417680126
273.7278089186185
271.1874601609149
268.640493040278
266.0873144719238
263.5283407409071
260.96399750212225
258.3947197803024
255.82095197002016
253.2431478356874
250.66177051155492
248.07729250171295
245.4901956800908
242.90097129045702
240.31011994641918
237.71815163142426
235.12558569875867
232.5329508715472
229.94078524275497
227.34963627518513
224.76006080148105
222.17262502412413
219.58790451543615
217.00648421757762
214.42895844254843
211.85593087218675
209.28801455817174
206.72583192201927
204.17001475508727
201.6212042185697
199.08005084350276
196.54706887291093
194.02215635670316
191.50561495803143
188.9978133923231
186.49911957299327
184.00990061144572
181.53052281707227
179.06135169725314
176.6027519573565
174.15508750073914
171.71872142874562
169.29401604070932
166.8813328339512
164.48103250378114
162.0934749434968
159.7190192443844
157.35802369571786
155.0108457847602
152.67784219676187
150.35936881496195
148.0557807205878
145.76743219285487
143.494676708967
141.23786694411612
138.99735477148238
136.7734912622345
134.56662668552877
132.37711050851064
130.20529139631304
128.0515172120581
125.9161350168545
123.79949106980072
121.70193082798275
119.62379894647522
117.56543927834072
115.52719487463078
113.50919124504144
111.51130163804585
109.53367843429851
107.57647254426402
105.6398281333395
103.72388262185532
101.82876668507473
99.95460425319396
98.10151251134195
96.26960189958096
94.4589761129058
92.66973210124452
90.90196006945797
89.15574347734022
87.43115903961773
85.72827672595048
84.04715976093105
82.38786462408513
80.75044104987121
79.13493202768085
77.5413738018385
75.96979587160173
74.4202209911606
72.89266516963892
71.38713767109233
69.90364101451041
68.44217097381545
67.00271657786213
65.58526011043861
64.189777110266
62.81623637099827
61.46459994122241
60.134823124457746
58.82682915145379
57.54036503753477
56.27527783266639
55.03144005069733
53.808719644579085
52.606980006365454
51.42607996721303
50.26587379738063
49.126211206230074
48.00693734222528
46.90789279293305
45.82891358502242
44.769831184265314
43.73047249553591
42.71065986281109
41.71021106917027
40.72893933679546
39.766653326971046
38.82315714008418
37.8982503156243
36.991727832183685
36.10338010745697
35.232992998241365
34.38034780043668
33.54522124904525
32.72738551817202
31.92660822102439
31.142652409912266
30.375276576248012
29.624234650547105
28.889276002426993
28.17014544060774
27.46658483793893
26.77838667801894
26.105332494571776
25.44718284255217
24.803698234983493
24.174639142957624
23.559765995635015
22.958839180244514
