0.0
0.12531328320802004
0.2506265664160401
0.37593984962406013
0.5012531328320802
0.6265664160401002
0.7518796992481203
0.8771929824561403
1.0025062656641603
1.1278195488721803
1.2531328320802004
1.3784461152882206
1.5037593984962405
1.6290726817042605
1.7543859649122806
1.8796992481203008
2.0050125313283207
2.1303258145363406
2.2556390977443606
2.380952380952381
2.506265664160401
2.631578947368421
2.756892230576441
2.882205513784461
3.007518796992481
3.132832080200501
3.258145363408521
3.3834586466165413
3.508771929824561
3.634085213032581
3.7593984962406015
3.8847117794486214
4.010025062656641
4.135338345864661
4.260651629072681
4.385964912280701
4.511278195488721
4.636591478696742
4.761904761904762
4.887218045112782
5.012531328320802
5.137844611528822
5.263157894736842
5.3884711779448615
5.513784461152882
5.639097744360902
5.764411027568922
5.889724310776942
6.015037593984962
6.140350877192982
6.265664160401002
6.390977443609022
6.516290726817042
6.641604010025063
6.7669172932330826
6.8922305764411025
7.017543859649122
7.142857142857142
7.268170426065162
7.393483709273182
7.518796992481203
7.644110275689223
7.769423558897243
7.894736842105263
8.020050125313283
8.145363408521304
8.270676691729323
8.395989974937343
8.521303258145362
8.646616541353383
8.771929824561402
8.897243107769423
9.022556390977442
9.147869674185463
9.273182957393484
9.398496240601503
9.523809523809524
9.649122807017543
9.774436090225564
9.899749373433583
10.025062656641603
10.150375939849624
10.275689223057643
10.401002506265664
10.526315789473683
10.651629072681704
10.776942355889723
10.902255639097744
11.027568922305765
11.152882205513784
11.278195488721805
11.403508771929824
11.528822055137844
11.654135338345863
11.779448621553884
11.904761904761903
12.030075187969924
12.155388471177945
12.280701754385964
12.406015037593985
12.531328320802004
12.656641604010025
12.781954887218044
12.907268170426065
13.032581453634084
13.157894736842104
13.283208020050125
13.408521303258144
13.533834586466165
13.659147869674184
13.784461152882205
13.909774436090224
14.035087719298245
14.160401002506266
14.285714285714285
14.411027568922306
14.536340852130325
14.661654135338345
14.786967418546364
14.912280701754385
15.037593984962406
15.162907268170425
15.288220551378446
15.413533834586465
15.538847117794486
15.664160401002505
15.789473684210526
15.914786967418545
16.040100250626566
16.165413533834585
16.290726817042607
16.416040100250626
16.541353383458645
16.666666666666664
16.791979949874687
16.917293233082706
17.042606516290725
17.167919799498748
17.293233082706767
17.418546365914786
17.543859649122805
17.669172932330827
17.794486215538846
17.919799498746865
18.045112781954884
18.170426065162907
18.295739348370926
18.421052631578945
18.546365914786968
18.671679197994987
18.796992481203006
18.922305764411025
19.047619047619047
19.172932330827066
19.298245614035086
19.423558897243108
19.548872180451127
19.674185463659146
19.799498746867165
19.924812030075188
20.050125313283207
20.175438596491226
20.30075187969925
20.426065162907268
20.551378446115287
20.676691729323306
20.80200501253133
20.927318295739347
21.052631578947366
21.17794486215539
21.303258145363408
21.428571428571427
21.553884711779446
21.67919799498747
21.804511278195488
21.929824561403507
22.05513784461153
22.18045112781955
22.305764411027567
22.431077694235587
22.55639097744361
22.681704260651628
22.807017543859647
22.932330827067666
23.05764411027569
23.182957393483708
23.308270676691727
23.43358395989975
23.55889724310777
23.684210526315788
23.809523809523807
23.93483709273183
24.06015037593985
24.185463659147867
24.31077694235589
24.43609022556391
24.561403508771928
24.686716791979947
24.81203007518797
24.93734335839599
25.062656641604008
25.18796992481203
25.31328320802005
25.438596491228072
25.563909774436087
25.68922305764411
25.81453634085213
25.93984962406015
26.065162907268167
26.190476190476193
26.31578947368421
26.44110275689223
26.56641604010025
26.691729323308273
26.81704260651629
26.94235588972431
27.06766917293233
27.192982456140353
27.31829573934837
27.44360902255639
27.56892230576441
27.694235588972433
27.819548872180448
27.94486215538847
28.07017543859649
28.195488721804512
28.32080200501253
28.446115288220554
28.57142857142857
28.696741854636592
28.82205513784461
28.947368421052634
29.07268170426065
29.19799498746867
29.32330827067669
29.448621553884713
29.57393483709273
29.69924812030075
29.82456140350877
29.949874686716793
30.075187969924812
30.200501253132835
30.32581453634085
30.451127819548873
30.576441102756892
30.701754385964914
30.82706766917293
30.952380952380953
31.07769423558897
31.203007518796994
31.32832080200501
31.453634085213032
31.57894736842105
31.704260651629074
31.82957393483709
31.954887218045116
32.08020050125313
32.205513784461154
32.33082706766917
32.45614035087719
32.581453634085214
32.70676691729324
32.83208020050125
32.957393483709275
33.08270676691729
33.20802005012531
33.33333333333333
33.45864661654135
33.583959899749374
33.709273182957396
33.83458646616541
33.959899749373434
34.08521303258145
34.21052631578947
34.335839598997495
34.46115288220552
34.58646616541353
34.711779448621556
34.83709273182957
34.962406015037594
35.08771929824561
35.21303258145363
35.338345864661655
35.46365914786968
35.58897243107769
35.714285714285715
35.83959899749373
35.96491228070175
36.09022556390977
36.2155388471178
36.340852130325814
36.46616541353384
36.59147869674185
36.716791979949875
36.84210526315789
36.96741854636591
37.092731829573935
37.21804511278196
37.34335839598997
37.468671679197996
37.59398496240601
37.719298245614034
37.84461152882205
37.96992481203007
38.095238095238095
38.22055137844612
38.34586466165413
38.471177944862156
38.59649122807017
38.721804511278194
38.847117794486216
38.97243107769424
39.097744360902254
39.22305764411028
39.34837092731829
39.473684210526315
39.59899749373433
39.72431077694235
39.849624060150376
39.9749373433584
40.100250626566414
40.225563909774436
40.35087719298245
40.476190476190474
40.6015037593985
40.72681704260652
40.852130325814535
40.97744360902256
41.10275689223057
41.228070175438596
41.35338345864661
41.478696741854634
41.60401002506266
41.72932330827068
41.854636591478695
41.97994987468672
42.10526315789473
42.230576441102755
42.35588972431078
42.4812030075188
42.606516290726816
42.73182957393484
42.857142857142854
42.98245614035088
43.10776942355889
43.233082706766915
43.35839598997494
43.48370927318296
43.609022556390975
43.734335839599
43.859649122807014
43.984962406015036
44.11027568922306
44.23558897243108
44.3609022556391
44.48621553884712
44.611528822055135
44.73684210526316
44.86215538847117
44.987468671679196
45.11278195488722
45.23809523809524
45.363408521303256
45.48872180451128
45.614035087719294
45.73934837092732
45.86466165413533
45.98997493734336
46.11528822055138
46.2406015037594
46.365914786967416
46.49122807017544
46.616541353383454
46.741854636591476
46.8671679197995
46.99248120300752
47.11779448621554
47.24310776942356
47.368421052631575
47.4937343358396
47.61904761904761
47.744360902255636
47.86967418546366
47.99498746867168
48.1203007518797
48.24561403508772
48.370927318295735
48.49624060150376
48.62155388471178
48.7468671679198
48.87218045112782
48.99749373433584
49.122807017543856
49.24812030075188
49.373433583959894
49.49874686716792
49.62406015037594
49.74937343358396
49.87468671679198
50.0
