0.0
0.007776356311979482
0.03072778283461397
0.06812320709910791
0.11902594314252668
0.1823132880652225
0.25669851457744786
0.34075485961134233
0.4329410880580379
0.5316281967128906
0.6351268166170383
0.7417148721020981
0.8496650618014455
0.9572717404091365
1.0628767996744242
1.1648941725575446
1.2618326151051946
1.352316455828868
1.4351040415267315
1.509103650876221
1.5733866920035822
1.6271980468514256
1.6699634727510526
1.7012940194018125
1.7209874667196345
1.729026835022403
1.7255760630895705
1.7109729911326466
1.6857198240628914
1.6504712851266292
1.6060207005506535
1.5532842819284989
1.4932838943898008
1.4271286149177458
1.3559953963843896
1.2811091589135115
1.2037226310899936
1.1250962594263636
1.046478495558919
0.9690867571357681
0.8940893405995922
0.8225885424391179
0.755605220416057
0.6940649982418778
0.6387862866888028
0.5904702617049661
0.5496929063143331
0.5168991884751688
0.4923994122027662
0.4763677446793022
0.4688428883046324
0.46973083418946304
0.47880960292665276
0.4957358500281418
0.5200531875698999
0.5512020506811869
0.5885309178293479
0.6313086776124919
0.678737922145916
0.729968938220216
0.784114162265558
0.8402628637640882
0.8974958240396654
0.9548997831944559
1.011581437177106
1.066680779330905
1.119383596013148
1.1689329436914933
1.2146394549698785
1.2558903429098383
1.2921569964071562
1.323001083859868
1.348079107515645
1.3671453763084613
1.38005339028556
1.3867556544977813
1.3873019641083764
1.381836225119682
1.3705918962034043
1.353886156360705
1.3321129202805164
1.305734838094955
1.275274428576881
1.2413045045568414
1.2044380563688215
1.1653177634242502
1.1246053055631313
1.0829706446836662
1.0410814433919775
0.9995927811642965
0.9591373199337592
0.9203160602932439
0.8836898168635825
0.8497715270563172
0.8190194917252387
0.7918316293300413
0.7685408075178745
0.7494112977598051
0.7346363801557695
0.724337107036719
0.7185622158316511
0.7172891641033574
0.720426242947259
0.727815709330261
0.7392378636360272
0.7544159858687315
0.7730220328106101
0.7946829890613168
0.8189877574099209
0.8454944684724472
0.8737380860060884
0.9032381827907371
0.9335067624233778
0.9640560047450959
0.994405816829842
1.024091077397937
1.0526684700410502
1.079722809603186
1.1048727762797723
1.1277759832849164
1.1481333160938365
1.1656924940837596
1.180250818657201
1.1916570854202693
1.1998126514908536
1.204671662317779
1.20624045530107
1.2045761698252007
1.199784604875339
1.1920173760410138
1.1814684332804868
1.1683700092005775
1.1529880747003411
1.135617384554856
1.1165761998225134
1.0962007768140891
1.0748397137562264
1.0528482462303625
1.030582581007115
1.0083943550832735
0.9866253026408406
0.9656022073798582
0.9456322113398585
0.9269985440433233
0.9099567277046469
0.8947313054950655
0.881513130589883
0.8704572441051466
0.8616813602145463
0.8552649668805843
0.8512490408906818
0.8496363664069678
0.8503924371583611
0.8534469138559693
0.8586956005169355
0.8660028962438548
0.8752046727185446
0.8861115223066545
0.8985123172934552
0.9121780174245541
0.926865660634559
0.94232247062123
0.9582900147550045
0.9745083466803989
0.9907200698276402
1.0066742608564787
1.022130195732801
1.0368608256136949
1.0506559548990575
1.0633250795998617
1.0746998504700478
1.0846361320406457
1.0930156356677356
1.0997471118452957
1.1047670942251353
1.1080401949163308
1.1095589575969367
1.1093432816576545
1.107439436913782
1.1039186942794958
1.0988756031179507
1.0924259506927736
1.0847044431932953
1.0758621511411595
1.0660637645756448
1.0554847052375596
1.0443081440176076
1.032721972207763
1.0209157746082935
1.0090778513249743
0.9973923331777081
0.9860364330800683
0.9751778725949095
0.964972519187694
0.9555622655567015
0.9470731778933281
0.939613935095846
0.9332745759086178
0.9281255657695235
0.924217189905097
0.924217189905097
0.913802917686101
0.8894934458112748
0.8520092018080863
0.8022568324266502
0.7413105523605718
0.6703913593195534
0.5908444901807417
0.5041155109129953
0.41172544440870795
0.31524534525587816
0.21627072892484905
0.11639625501348717
0.017191050368054128
-0.07982496156279854
-0.17320338343578767
-0.2615880064118425
-0.34373353332175677
-0.4185221206128881
-0.4849775368632713
-0.542276777569104
-0.5897590192762366
-0.6269318402286308
-0.6534746788454544
-0.6692395448290194
-0.674249039890605
-0.6686917853393062
-0.6529153915345823
-0.627417138933329
-0.59283257170404
-0.5499222322364482
-0.4995567880174122
-0.4427008210186192
-0.3803955637702512
-0.3137408755748113
-0.24387675682067778
-0.17196469913398274
-0.09916916428058199
-0.026639475485867134
0.0445076085684616
0.11320438407405169
0.17844752450907142
0.23931202672892518
0.294963598803298
0.3446693363055531
0.38780656406312203
0.42386975183503295
0.4524754444792745
0.4733651793953956
0.48640639587437307
0.4915913719744546
0.489034254209712
0.47896627326061003
0.46172926470371634
0.437767637064191
0.4076189500203509
0.3719032830853305
0.33131158936066524
0.28659323985937024
0.2385429713462108
0.18798745461047653
0.13577170059639485
0.08274551894603102
0.02975023738728889
-0.02239411879930592
-0.07290100005832643
-0.121028686062475
-0.16609066388845423
-0.20746489426915832
-0.2446018499280688
-0.27703123189067286
-0.30436729247244865
-0.32631271698745773
-0.34266103973111794
-0.3532975930968981
-0.35819901143373173
-0.3574313331002892
-0.3511467648077662
-0.3395791914749562
-0.32303853218897427
-0.3019040582466848
-0.27661680245665315
-0.24767119975861812
-0.21560610765624968
-0.18099536088896273
-0.14443801816000582
-0.10654845960134171
-0.06794649204005519
-0.02924761512268765
0.008946404925830095
0.04605651552948218
0.08153478392846826
0.11487211330058905
0.14560516640899726
0.17332240915765112
0.1976692022353013
0.21835188554966378
0.23514081712176835
0.24787234525249974
0.2564497098192317
0.2608428852485963
0.26108739379220886
0.2572821329715441
0.2495862752409579
0.2382153108505364
0.22343631640367717
0.20556254155489356
0.18494741456582264
0.1619780739452503
0.1370685380849987
0.11065262764027885
0.08317675639245152
0.05509270550440705
0.026850493491847042
-0.0011085500288456145
-0.02835840458618155
-0.05449457813234254
-0.07913983895548889
-0.10194938351271851
-0.12261537410601354
-0.14087079171884337
-0.15649256129135963
-0.1693039190379744
-0.17917600390270216
-0.18602866770735307
-0.189830510783295
-0.19059816170513172
-0.18839483099115165
-0.18332817914100108
-0.17554754900135666
-0.1652406210583147
-0.1526295577425333
-0.1379667091116093
-0.12152995727645864
-0.10361778061866495
-0.08454412117963371
-0.06463313958707512
-0.04421394153802671
-0.02361535821857062
-0.0031608601660205763
0.016836319955251346
0.03607778529683907
0.054284229187855214
0.07119928852757923
0.08659294645236795
0.10026444273238537
0.11204465900624275
0.12179795490946774
0.12942344024990035
0.1348556774851006
0.13806481772251578
0.13905618215702403
0.1378693091546346
0.13457649496699225
0.12928086321132046
0.12211400467928676
0.11323323466426784
0.10281851975236014
0.09106912985612144
0.07820007414485997
0.0644383814205486
0.05001928639899638
0.03518238329205832
0.020167807073478723
0.005212500887653359
-0.009453374720500743
-0.023609838651032798
-0.03705024435936896
-0.049584150348586396
-0.06103986863004206
-0.07126665965251033
-0.08013654845513075
-0.08754574329077433
-0.0934156445875501
-0.09769343876128961
-0.10035227795748729
-0.10139105318759618
-0.1008337744373163
-0.09872857707566336
-0.09514637920303982
-0.09017921937295811
-0.08393830834389052
-0.07655183211377785
-0.06816254641981769
-0.0589252051213637
-0.04900386640669569
-0.03856912156908917
-0.027795291189364614
-0.016857632957122955
-0.0059296040878179315
0.004819780616005249
0.01522845650830622
0.025143647129576292
0.034424000512541145
0.042941495669382754
0.05058309542112111
0.057252126248496966
0.0628693705497861
0.06737386150694939
0.07072337561004097
