994.3293039437849
957.0693463032792
905.454289441492
849.861139565135
794.4551767151394
744.1039739401509
706.1582706509195
651.1540889341383
604.4451998057589
561.6791515595252
516.4666840491444
478.34780873678454
431.8209786413674
382.0667786930804
349.9643989399134
304.4161523306593
266.69239021025055
237.45565430558182
209.51220888539274
169.4036805455221
151.66791107457
121.4627794112936
102.89438897284764
86.47187913903299
64.8068107129251
50.337228664263854
44.01237027770024
24.451467337963056
26.75320009275036
11.859526245501353
22.075234456198878
5.754396441401979
8.882019177433207
5.715553897038116
1.7401975948764323
0.11795271070440805
-2.494377571615709
6.846918822733498
7.3238660472702035
4.582220623988724
-10.631302411195977
