1.0
1.0189724987838125
1.0382910112231996
1.0579470799881345
1.0779308382141093
1.098231136686288
1.118835519026802
1.1397296317624717
1.1608972117811052
1.1823200863314962
1.203978173023424
1.2258494795742922
1.2479093145353488
1.2701309378785928
1.292485459640645
1.3149409126196667
1.3374622523753612
1.3600113572289707
1.3825470282632804
1.4050249893226137
1.427397887012837
1.4496152929153834
1.4716240127924491
1.4933656133913389
1.5147774749343057
1.5357939639526608
1.556346433286774
1.5763632220860728
1.595769655809043
1.614488046223229
1.6324376914052323
1.6495348757407133
1.6656928699243914
1.6808222229637608
1.6948527440867245
1.7076909661445094
1.7192295640820212
1.729368741823584
1.7380162322729404
1.7450872973132527
1.7505047278071009
1.7541988435964848
1.756107493502823
1.7561760553269514
1.754357435849127
1.7506120708290236
1.744907925005736
1.7372204920977754
1.7275327948030732
1.7158353847989787
1.702131520451446
1.6864666115572255
1.668901900843635
1.6495077769705837
1.628364626745113
1.6055628351213942
1.5812027852007307
1.5553948582315567
1.528259433609437
1.4999268888770694
1.4705375997242793
1.4402419399880289
1.409200281652406
1.3775532401258834
1.3454287608945668
1.3129890597270293
1.2803867556613164
1.247764466324021
1.2152548079302836
1.1829803952837923
1.1510538417767806
1.1195777593900322
1.088644758692875
1.0583374488431867
1.028728437587391
0.9998803312604604
0.9718457347859127
0.9446672516758147
0.918377484030776
0.8929996582441693
0.8685573825385898
0.8450587369809401
0.8225041714361886
0.8008913845029227
0.7802153235133489
0.7604681845332929
0.7416394123621994
0.7237157005331327
0.706680991312776
0.6905164757014314
0.6752005934330207
0.6607090329750842
0.6470147315287826
0.6340880784342339
0.6219099560227468
0.6104595720639854
0.599710769303569
0.5896383577244737
0.5802181145470318
0.5714267842289317
0.5632420784652185
0.5556426761882932
0.5486082235679137
0.5421193340111934
0.5361575881626031
0.5307055339039689
0.525746686354474
0.5212655278706578
0.5172475080464153
0.5136790437129987
0.5105475189390162
0.5078412850304327
0.5055496605305686
0.5036622540739111
0.5021649757037662
0.5010481830094444
0.5003037819784647
0.49992418267531236
0.49990229924143975
0.5002315498952662
0.5009058569321776
0.5019196467245273
0.5032678497216349
0.5049459004497873
0.506949737512238
0.509275803589208
0.5119210454378843
0.514882913892421
0.5181593638639397
0.5217488543405289
0.5256503483872423
0.5298633131461034
0.5343875764188043
0.5392213557243045
0.5443648664895322
0.5498192950593481
0.5555859490631122
0.5616662574146836
0.5680617703124203
0.5747741592391796
0.5818052169623172
0.5891568575336887
0.5968311162896482
0.6048301498510483
0.6131562361232423
0.6218117742960808
0.6307992848439142
0.6401214095255918
0.6497809113844624
0.6597806747483728
0.6701237052296691
0.6808131297251993
0.6918521964163046
0.7032442747688303
0.714992855533119
0.7270963820319701
0.7395509906388853
0.7523636242468406
0.7655406057034281
0.779087378746536
0.7930085080043489
0.8073076789953475
0.8219876981283093
0.8370504927023075
0.8524971109067124
0.8683277218211899
0.8845416154157023
0.9011372025505089
0.9181120149761638
0.9354627053335193
0.9531850471537233
0.9712739348582201
0.9897233837587486
1.0085265300573474
1.027675630846348
1.047162064108383
1.0669763287163734
1.087108044433543
1.1075459519134105
1.1282779126997937
1.149290909226797
1.170571044818831
1.1921035436906002
1.2138682541913635
1.2358341992451318
1.2579768266448383
1.280268970507227
1.3026802651968343
1.3251771453259906
1.3477228457548187
1.3702774015912342
1.3927976481909454
1.4152372211574542
1.4375465563420546
1.459672889843834
1.4815602580096725
1.5031494974342428
1.5243782449600107
1.5451809376772352
1.5654888129239681
1.5852299082860533
1.604329061597128
1.6227079109386224
1.6402848946397617
1.6569752512775586
1.672691019676824
1.6873410389101602
1.7008309482979596
1.7130745132877117
1.7240118891893537
1.7335323619360752
1.7415295948498384
1.7479083005554832
1.7525842409807288
1.7554842273561726
1.756546120215291
1.7557188293944384
1.752962314032848
1.748247582572632
1.7415566927587804
1.732882751639163
1.7222299155645253
1.709613390188498
1.6950594304675797
1.6786053406611592
1.6602994743314947
1.6402012343437307
1.6183810728658816
1.5949204913688486
1.569911901704467
1.5434528185614818
1.5156928673122556
1.486799270116735
1.4569341853856335
1.4262547077804335
1.3949128682133853
1.363055633847507
1.330824908096584
1.2983575306251711
1.26578527734859
1.233234860432933
1.2008279282950518
1.168681065602581
1.1369057932739046
1.1056085684781953
1.0748907846353724
1.04484877141614
1.0155730428202345
0.987110073988109
0.9594834897928292
0.9327216617737966
0.9068487948779163
0.8818849274596163
0.8578459312808288
0.8347435115110078
0.8125852067271137
0.7913743889136241
0.7711102634625292
0.7517878691733327
0.7333980782530515
0.7159275963162159
0.6993589623848683
0.6836705488885673
0.6688365616643814
0.6548270399568967
0.6416078564182088
0.629140717107926
0.6173831614931765
0.6062885624485957
0.5958417551076468
0.5860621296048977
0.5769261551407019
0.568410663150926
0.5604934464905181
0.5531532594335073
0.5463698176730029
0.5401237983211973
0.5343968399093616
0.5291715423878505
0.5244314671260973
0.5201611369126188
0.5163460359550108
0.5129726098799521
0.5100282657332006
0.5075013719795973
0.5053812585030628
0.5036582166065997
0.5023234990122916
0.5013693198613022
0.5007869599261323
0.5005638131598275
0.5006934463824237
0.5011703326548548
0.5019893286219318
0.5031456745123439
0.5046349941386579
0.506453294897318
0.5085969677686467
0.5110627873168436
0.5138479116899863
0.5169498826200303
0.5203666254228081
0.5240964489980309
0.5281380458292867
0.5324904919840417
0.5371532471136397
0.5421261544533023
0.5474094408221291
0.5530037166230953
0.5589099758430581
0.5651295960527473
0.5716643384067752
0.5785162095049287
0.585684252022187
0.5931702940972193
0.6009778388194184
0.609110307898998
0.6175710416669993
0.626363299075284
0.6354902576965409
0.6449550137242814
0.6547605819728411
0.6649098958773803
0.675405807493882
0.6862510874991551
0.6974484251908314
0.7090004284873667
0.7209096239280411
0.73317845667296
0.7458092905030509
0.7588044078200659
0.7721660096465824
0.7858962156260001
0.7999970640225449
0.8144705117212642
0.8293184342280329
0.8445426256695465
0.8601447987933248
0.8761158712226307
0.8924340097833772
0.9091071059170643
0.9261424854858639
0.9435453199690295
0.96131862646291
0.9794632676809354
0.9979779519536325
1.016859233228608
1.0361015110705651
1.055697030661288
1.0756358827996564
1.0959060039016315
1.116493176000271
1.137381026745712
1.158551029405189
1.1799825028630184
1.2016526116206077
1.223536365796454
1.24560662112614
1.2678340789623381
1.290187286274813
1.3126326356504092
1.3351343652930683
1.3576545590238172
1.3801531462807681
1.4025879021191279
1.4249144472111883
1.447086247846327
1.469054615931016
1.4907687089888153
1.5121769242842706
1.5332682556808763
1.5539676450808955
1.5741668178248838
1.5937608226404907
1.612648031642444
1.6307301403325642
1.6479121675997506
1.6641024557199953
1.6792126703563695
1.6931578005590358
1.7058561587652374
1.7172293807993078
1.7272024258726628
1.7357035765838067
1.7426644389183263
1.7480199422488987
1.7517083393352813
1.7536712063243225
1.7538534427499513
1.752203271533186
1.7486722389821303
1.7432152147919742
1.7357903920449913
1.7263592872105389
1.7148867401450665
1.70138665641843
1.6859419123655295
1.6686006700021458
1.649424658298819
1.6284899875093155
