1.1231305443624473
1.3855764694068688
1.6916899975381459
1.7188037112871448
1.3354079003188506
0.8709638382494757
0.5964526454918098
0.4653338987533945
0.5778039941336129
0.7226470358581636
0.8869043422130424
1.176854546518745
1.556074921324257
1.7716670353761415
1.5049737543534496
1.033911567094438
0.5637921602238798
0.48615392120540757
0.5547797217619256
0.5618924961180394
0.8073572857332658
1.0148277046922898
1.4609926129088382
1.697266895518258
1.683929563981404
1.0916359091611554
0.788965870661064
0.48158936472377645
0.4731437780372917
0.6049133567236409
0.6077551794084551
0.9221149488818519
1.386072397267181
1.65525455596213
1.744205818068852
1.3432325586245522
0.8876818232960241
0.5273550060249268
0.5555272478430375
0.47345174079118213
0.5794166961542004
