0.4614829264895435
0.5934245543005052
0.6735281830228692
1.2212630561009938
1.7188099493234983
1.7333565503309594
1.3816319226337566
1.0570725068764417
0.8073455513856814
0.5517086188917788
0.5355470930437173
0.463474910905191
0.577725607173318
0.9806800780744162
1.5064683997177846
1.6979663823724054
1.4731809290454578
1.1968449728190032
0.8353218179042403
0.5770305643696512
0.5426119853930714
0.5179931590373293
0.6222069504701834
0.779158470055913
1.3693973585152897
1.6961454190199547
1.683664965650274
1.246049207641126
0.960833728774369
0.6189606534028925
0.573078934454252
0.4806621730451876
0.689723540324775
0.7698702220509904
1.1618421799966923
1.60455547593618
1.7401924348607456
1.458510572783994
1.0654186646942958
0.7637960049692677
0.5593430442187804
