1000.0
994.824097958566
989.6528854736365
984.4863987891864
979.3246750767732
974.1677512601613
969.0156644015858
963.868452023198
958.7261521070639
953.5888030951651
948.4564438893984
943.3291138515762
938.2068528034258
933.0897010265901
927.9776992626273
922.8708887130109
917.76931103913
912.6730083622881
907.5820232637052
902.4963987845159
897.4161784257705
892.3414061484343
887.2721263733881
882.2083839814279
877.1502243132658
872.0976931695272
867.0508368107551
862.0097019574077
856.9743357898562
851.944785948389
846.9211005332104
841.9033339969075
836.8915484768986
831.8857912396062
826.8861096397757
821.8925518592018
816.9051669067285
811.9240046182487
806.9491156567045
801.9805515120875
797.018364501438
792.0626077688456
787.1133352854494
782.1706018494368
777.2344630860456
772.3049754475617
767.3821962133206
762.4661834897072
757.5569962101548
752.6546941351465
747.7593378522147
742.8709887759404
737.9897091479538
733.1155620369346
728.2486113386119
723.3889217757634
718.5365588982156
713.6915890828456
708.8540795335783
704.0240982813878
699.2017141842981
694.3869969273832
689.5800170227632
684.78084580961
679.9895554541447
675.2062189496356
670.4309101164023
665.6637036018121
660.9046748802821
656.1539002532779
651.4114568493158
646.67742262396
641.9518763598228
637.234897666568
632.5265669809082
627.8269655666035
623.136175514464
618.4542797423499
613.7813619951694
609.1175068448812
604.4627996904894
599.8173267580528
595.1811751006741
590.5544325985095
585.9371879587628
581.3295307156864
576.7315512305812
572.1433406917988
567.5649911147382
562.9965953418512
558.4382470426351
553.890040713635
549.3520716784523
544.8244360877309
540.3072309191634
535.8005539774981
531.30450398425
526.8191859763614
522.3447083267396
517.8811791236733
513.4287076849449
508.98740455782996
504.5573815190971
500.1387515750082
495.73162896131873
491.33612914327693
486.95236881562465
482.58046590259687
478.2205395579217
473.87271016482066
469.53709933600845
465.2138299136931
460.90302596957565
456.6048128048506
452.3193169502059
448.04666616582205
443.78698944137363
439.54041699602794
435.30708027844565
431.0871119667805
426.8806459686802
422.68781742128476
418.50876269122773
414.3436193746366
410.1925262971309
406.05562351382457
401.9330523093241
397.82495519772925
393.7314759226332
389.6527594571231
385.5889520037771
381.5402009946695
377.50665509136616
373.4884641849257
369.48577939590143
365.49875307433956
361.52753879977837
357.57229138125086
353.63316685728256
349.7103224958922
345.80391679459217
341.91410948038754
338.0410615097773
334.18493506875257
330.34589357279987
326.5241016668961
322.7197252255133
318.932931352617
315.16388838166483
311.4127658756085
307.6797346268915
303.96496665745303
300.2686352187235
296.59091479162765
292.93198108658333
289.29201104350017
285.6711828317823
282.0696758503286
278.48767072752895
274.9253493212668
271.3828947189199
267.86049123735864
264.35832442294486
260.87658105153463
257.4154491284843
253.97511788862988
250.55577779631278
247.15762054535975
243.7807730671503
240.42468713590875
237.08943116188385
233.77529836795208
230.4825755702249
227.21154317804883
223.96247519400563
220.7356392139119
217.53129642681918
214.3497016150144
211.19110315401917
208.05574301259037
204.94385675271968
201.85567352963415
198.7914160917956
195.751300780901
192.73553753188222
189.74432987290638
186.77787492537558
183.83636340392673
180.9199796164322
178.02890146399895
175.1633004409693
172.32334163492033
169.50918372666456
166.72097899024917
163.9588732929564
161.2230060953039
158.51351045104394
155.830513007164
153.17413400388648
150.5444872746691
147.94168024620438
145.36581393841973
142.81698296447826
140.29527553077722
137.8007734369495
135.33355207586277
132.8936804336201
130.48122108955906
128.09623021625262
125.73875757950846
123.40884653836996
121.10653404511493
118.8318506452563
116.58482047754211
114.36546127395562
112.1737843597147
110.00979465327296
107.87349066631812
105.76486450377394
103.68390186379813
101.6305820377845
99.60487791036107
97.60675595939136
95.63617625597398
93.69309246444234
91.77745184236453
89.88919524054442
88.0282571030208
86.19456546706715
84.38804196319181
82.60860181513897
80.85615383988728
79.13060044764984
77.43183764187621
75.75975501925001
74.11423576968997
72.49515667635019
70.9023881156198
69.33579405712244
67.79523206371714
66.28055329149784
64.79160248979454
63.32821800117029
61.890231761425255
60.47746929959283
59.08974973794203
57.72688579197814
56.38868377044026
55.07494357530227
53.785458701773806
52.520016238299476
51.27825308429369
50.05968626315943
48.86413932680435
47.69143853669675
46.54140393996134
45.413849369379875
44.308582443390414
43.22540456608796
42.164110927223966
41.124490502206726
40.10632605210114
39.10939412362884
38.13346504916795
37.17830294675351
36.243665720077
35.32930505848677
34.43496643698766
33.56038911624132
32.70530614256602
31.86944434793674
31.052524349985013
30.2542605519992
29.47436114292419
28.712528097361638
27.96845717556983
27.24183792346379
26.532353672615063
25.839681540252073
25.163492429259684
24.503451028179644
23.859215811210145
23.230439038206285
22.616766754679727
22.017838791798816
21.433288766388475
20.862744080930533
20.30582592356313
19.76214926808149
19.23132287393706
18.712949286238434
18.20673052572878
17.712807913402738
17.231018841759408
16.761151241855593
16.302993401612074
15.856333965813793
15.420961936109752
14.996666671013061
14.583237885900841
14.180465653014393
13.788140401459007
13.406052917204148
13.033994343083283
12.671756178794023
12.319130280898039
11.975908862821111
11.641884494853036
11.316850104147786
11.000598974723337
10.69292474746179
10.393621420109332
10.102483347276234
9.819305240436822
9.54388216792955
9.276009554956905
9.015483183585518
8.762099192746028
8.515654078233236
8.27594469270598
8.042768245687231
7.815922303563958
7.595204789587283
7.380413983872387
7.171348523398553
6.967807402009131
6.7695899704115865
6.576594612218412
6.388835182952195
6.206197651719568
6.028566808313482
5.855828658017323
5.687870421604983
5.524580535340818
5.365848650979666
5.211565635766818
5.06162357243807
4.915915759219661
4.774336709828332
4.636782153471285
4.5031490348462135
4.373335514141253
4.247240967035052
4.1247659846967
4.005812373785792
3.8902831564523725
3.7780825703369754
3.6691160685706077
3.563290319774755
3.460513208061358
3.3606938330328675
3.2637425097821677
3.16957076889265
3.0780913564381724
2.9892182339830637
2.902866578582118
2.8189527827806296
2.7373944546143467
2.6581104176095067
2.5810207107828
2.506053916070216
2.433191903244957
2.3623919500158053
2.293603725445993
2.226777577706007
2.1618645340735547
2.098816300933598
2.0375852637783183
1.97812448720716
1.9203877149267805
1.8643293697510928
1.8099045536012337
1.7570690475055923
1.705779311599783
1.655992485126666
1.6076663864363383
1.5607595129861365
1.5152310413406267
1.4710408271716253
1.4281494052581742
1.386517989486565
1.3461084728503176
1.3068834274501955
1.2688061044941996
1.2318404342975688
1.1959510262827788
1.1611031689795441
1.127262830024815
1.094396656162779
1.062471973244872
1.0314567862297566
1.0013197791833364
0.972031074213874
0.9435852262901899
0.9159682133407724
0.889156124743139
0.8631256931880907
0.8378542946797061
0.8133199485353443
0.7895013173856373
