0.0
0.5639097744360901
1.1904761904761905
1.8170426065162906
2.443609022556391
3.070175438596491
3.696741854636591
4.323308270676692
4.949874686716791
5.576441102756892
6.203007518796992
6.829573934837092
7.456140350877193
8.082706766917292
8.709273182957393
9.335839598997493
9.962406015037594
10.588972431077694
11.215538847117793
11.842105263157894
12.468671679197994
13.095238095238097
13.721804511278195
14.348370927318296
14.974937343358397
15.601503759398497
16.228070175438596
16.854636591478698
17.481203007518797
18.1077694235589
18.734335839598998
19.360902255639097
19.9874686716792
20.614035087719298
21.2406015037594
21.8671679197995
22.493734335839598
23.1203007518797
23.7468671679198
24.3734335839599
25.0
