0.0
0.06265664160401002
0.12531328320802004
0.18796992481203006
0.2506265664160401
0.3132832080200501
0.37593984962406013
0.43859649122807015
0.5012531328320802
0.5639097744360901
0.6265664160401002
0.6892230576441103
0.7518796992481203
0.8145363408521302
0.8771929824561403
0.9398496240601504
1.0025062656641603
1.0651629072681703
1.1278195488721803
1.1904761904761905
1.2531328320802004
1.3157894736842104
1.3784461152882206
1.4411027568922306
1.5037593984962405
1.5664160401002505
1.6290726817042605
1.6917293233082706
1.7543859649122806
1.8170426065162906
1.8796992481203008
1.9423558897243107
2.0050125313283207
2.0676691729323307
2.1303258145363406
2.1929824561403506
2.2556390977443606
2.318295739348371
2.380952380952381
2.443609022556391
2.506265664160401
2.568922305764411
2.631578947368421
2.6942355889724308
2.756892230576441
2.819548872180451
2.882205513784461
2.944862155388471
3.007518796992481
3.070175438596491
3.132832080200501
3.195488721804511
3.258145363408521
3.3208020050125313
3.3834586466165413
3.4461152882205512
3.508771929824561
3.571428571428571
3.634085213032581
3.696741854636591
3.7593984962406015
3.8220551378446115
3.8847117794486214
3.9473684210526314
4.010025062656641
4.072681704260652
4.135338345864661
4.197994987468672
4.260651629072681
4.323308270676692
4.385964912280701
4.448621553884712
4.511278195488721
4.5739348370927315
4.636591478696742
4.6992481203007515
4.761904761904762
4.824561403508771
4.887218045112782
4.949874686716791
5.012531328320802
5.075187969924812
5.137844611528822
5.200501253132832
5.263157894736842
5.325814536340852
5.3884711779448615
5.451127819548872
5.513784461152882
5.576441102756892
5.639097744360902
5.701754385964912
5.764411027568922
5.827067669172932
5.889724310776942
5.952380952380952
6.015037593984962
6.0776942355889725
6.140350877192982
6.203007518796992
6.265664160401002
6.328320802005012
6.390977443609022
6.453634085213032
6.516290726817042
6.578947368421052
6.641604010025063
6.704260651629072
6.7669172932330826
6.829573934837092
6.8922305764411025
6.954887218045112
7.017543859649122
7.080200501253133
7.142857142857142
7.205513784461153
7.268170426065162
7.330827067669173
7.393483709273182
7.456140350877193
7.518796992481203
7.581453634085213
7.644110275689223
7.7067669172932325
7.769423558897243
7.832080200501252
7.894736842105263
7.957393483709272
8.020050125313283
8.082706766917292
8.145363408521304
8.208020050125313
8.270676691729323
8.333333333333332
8.395989974937343
8.458646616541353
8.521303258145362
8.583959899749374
8.646616541353383
8.709273182957393
8.771929824561402
8.834586466165414
8.897243107769423
8.959899749373433
9.022556390977442
9.085213032581454
9.147869674185463
9.210526315789473
9.273182957393484
9.335839598997493
9.398496240601503
9.461152882205512
9.523809523809524
9.586466165413533
9.649122807017543
9.711779448621554
9.774436090225564
9.837092731829573
9.899749373433583
9.962406015037594
10.025062656641603
10.087719298245613
10.150375939849624
10.213032581453634
10.275689223057643
10.338345864661653
10.401002506265664
10.463659147869674
10.526315789473683
10.588972431077694
10.651629072681704
10.714285714285714
10.776942355889723
10.839598997493734
10.902255639097744
10.964912280701753
11.027568922305765
11.090225563909774
11.152882205513784
11.215538847117793
11.278195488721805
11.340852130325814
11.403508771929824
11.466165413533833
11.528822055137844
11.591478696741854
11.654135338345863
11.716791979949875
11.779448621553884
11.842105263157894
11.904761904761903
11.967418546365915
12.030075187969924
12.092731829573934
12.155388471177945
12.218045112781954
12.280701754385964
12.343358395989974
12.406015037593985
12.468671679197994
12.531328320802004
12.593984962406015
12.656641604010025
12.719298245614036
12.781954887218044
12.844611528822055
12.907268170426065
12.969924812030076
13.032581453634084
13.095238095238097
13.157894736842104
13.220551378446116
13.283208020050125
13.345864661654137
13.408521303258144
13.471177944862156
13.533834586466165
13.596491228070176
13.659147869674184
13.721804511278195
13.784461152882205
13.847117794486216
13.909774436090224
13.972431077694235
14.035087719298245
14.097744360902256
14.160401002506266
14.223057644110277
14.285714285714285
14.348370927318296
14.411027568922306
14.473684210526317
14.536340852130325
14.598997493734336
14.661654135338345
14.724310776942357
14.786967418546364
14.849624060150376
14.912280701754385
14.974937343358397
15.037593984962406
15.100250626566417
15.162907268170425
15.225563909774436
15.288220551378446
15.350877192982457
15.413533834586465
15.476190476190476
15.538847117794486
15.601503759398497
15.664160401002505
15.726817042606516
15.789473684210526
15.852130325814537
15.914786967418545
15.977443609022558
16.040100250626566
16.102756892230577
16.165413533834585
16.228070175438596
16.290726817042607
16.35338345864662
16.416040100250626
16.478696741854638
16.541353383458645
16.604010025062657
16.666666666666664
16.729323308270676
16.791979949874687
16.854636591478698
16.917293233082706
16.979949874686717
17.042606516290725
17.105263157894736
17.167919799498748
17.23057644110276
17.293233082706767
17.355889724310778
17.418546365914786
17.481203007518797
17.543859649122805
17.606516290726816
17.669172932330827
17.73182957393484
17.794486215538846
17.857142857142858
17.919799498746865
17.982456140350877
18.045112781954884
18.1077694235589
18.170426065162907
18.23308270676692
18.295739348370926
18.358395989974937
18.421052631578945
18.483709273182956
18.546365914786968
18.60902255639098
18.671679197994987
18.734335839598998
18.796992481203006
18.859649122807017
18.922305764411025
18.984962406015036
19.047619047619047
19.11027568922306
19.172932330827066
19.235588972431078
19.298245614035086
19.360902255639097
19.423558897243108
19.48621553884712
19.548872180451127
19.61152882205514
19.674185463659146
19.736842105263158
19.799498746867165
19.862155388471177
19.924812030075188
19.9874686716792
20.050125313283207
20.112781954887218
20.175438596491226
20.238095238095237
20.30075187969925
20.36340852130326
20.426065162907268
20.48872180451128
20.551378446115287
20.614035087719298
20.676691729323306
20.739348370927317
20.80200501253133
20.86466165413534
20.927318295739347
20.98997493734336
21.052631578947366
21.115288220551378
21.17794486215539
21.2406015037594
21.303258145363408
21.36591478696742
21.428571428571427
21.49122807017544
21.553884711779446
21.616541353383457
21.67919799498747
21.74185463659148
21.804511278195488
21.8671679197995
21.929824561403507
21.992481203007518
22.05513784461153
22.11779448621554
22.18045112781955
22.24310776942356
22.305764411027567
22.36842105263158
22.431077694235587
22.493734335839598
22.55639097744361
22.61904761904762
22.681704260651628
22.74436090225564
22.807017543859647
22.86967418546366
22.932330827067666
22.99498746867168
23.05764411027569
23.1203007518797
23.182957393483708
23.24561403508772
23.308270676691727
23.370927318295738
23.43358395989975
23.49624060150376
23.55889724310777
23.62155388471178
23.684210526315788
23.7468671679198
23.809523809523807
23.872180451127818
23.93483709273183
23.99749373433584
24.06015037593985
24.12280701754386
24.185463659147867
24.24812030075188
24.31077694235589
24.3734335839599
24.43609022556391
24.49874686716792
24.561403508771928
24.62406015037594
24.686716791979947
24.74937343358396
24.81203007518797
24.87468671679198
24.93734335839599
25.0
